100 element:

min-max = 294	99843
sum = 1.5505e+06
currentSetIndex = 29	i = 69	currentVal = 7206
realSum = 1550361
set size = 32
realSum = 1550152
set size = 32
realSum = 1550007
set size = 32
realSum = 1544252
set size = 31
realSum = 1545222
set size = 31
realSum = 1545601
set size = 31
realSum = 1546243
set size = 31
realSum = 1546870
set size = 31
realSum = 1547553
set size = 31
realSum = 1547911
set size = 31
realSum = 1548503
set size = 31
realSum = 1548324
set size = 31
realSum = 1548561
set size = 31
realSum = 1547771
set size = 31
realSum = 1548516
set size = 31
realSum = 1549815
set size = 31
realSum = 1550029
set size = 31
realSum = 1549248
set size = 31
realSum = 1549881
set size = 31
realSum = 1551018
set size = 31
realSum = 1551116
set size = 31
realSum = 1551795
set size = 31
realSum = 1552506
set size = 31
realSum = 1553028
set size = 31
realSum = 1553009
set size = 31
realSum = 1553066
set size = 31
realSum = 1553528
set size = 31
realSum = 1553166
set size = 31
realSum = 1553427
set size = 31
realSum = 1553823
set size = 32
realSum = 1561115
set size = 33
realSum = 1560737
set size = 33
N = 1000	totalElement = 1000
set #0	99843	93125	93049	87047	87029	81143	81110	73640	73014	66416	66336	61404	61321	54634	54601	47866	47792	41829	41828	35432	35298	29062	28961	22593	22510	15587	15508	10707	10634	431	3776	6835	
set #1	99651	93246	92725	87282	86974	81163	81065	73801	72948	66435	66193	61476	61262	54662	54472	47914	47621	41968	41781	35511	35253	29202	28933	22614	22485	15747	15486	10743	10104	675	3780	6980	
set #2	99576	93347	92600	87368	86907	81412	80968	73845	72609	66503	66098	61502	61095	54734	54333	47920	47544	41985	41772	35539	34990	29257	28916	22637	22434	15914	15465	10880	10072	733	3846	7206	
set #3	99563	93699	92564	87394	86775	82027	80967	74075	72485	66654	66058	61646	60910	54755	54303	48184	47447	42041	41669	35747	34981	29313	28881	22689	22137	16042	15428	10894	9971	841	4112	
set #4	99479	94099	92549	87416	86556	82187	80932	74103	72452	66663	66051	61858	60868	54763	54295	48215	47395	42075	41640	35915	34862	29448	28872	22960	21989	16055	15258	11069	9901	979	4318	
set #5	99423	94208	92532	87456	86549	82219	80876	74241	72234	66678	66013	61903	60686	54814	54284	48294	47098	42089	41628	35950	34854	29509	28545	23372	21980	16072	15243	11196	9899	1184	4572	
set #6	99196	94277	92526	87461	86528	82287	80795	74409	72182	66775	65989	61999	60672	54959	54190	48412	47012	42119	41531	35980	34834	29540	28498	23585	21901	16197	15204	11320	9896	1223	4746	
set #7	99163	94282	92446	87520	86440	82290	80790	74782	72166	66859	65910	62016	60377	54981	53975	48522	46934	42230	41517	36121	34803	29641	28342	23634	21884	16554	15122	11349	9851	1542	4827	
set #8	99158	94337	92270	87564	86431	82393	80718	74932	72153	67022	65747	62049	60240	55088	53922	48660	46923	42257	41231	36288	34671	29775	28337	23652	21878	17137	15102	11363	9780	1564	4911	
set #9	99114	94423	92210	87771	86375	82638	80577	74966	72142	67169	65689	62304	59947	55314	53568	48787	46880	42319	40945	36363	34555	29859	28310	23669	21844	17325	15026	11433	9756	1588	5045	
set #10	98958	94676	92164	87864	86367	82674	80433	75191	71995	67190	65685	62317	59863	55342	53539	48986	46850	42468	40441	36392	34537	29952	28234	23857	21756	17846	14890	11536	9752	1618	5130	
set #11	98820	94736	92109	87919	86170	82732	80297	75247	71508	67246	65676	62367	59822	55361	53516	49180	46609	42516	40334	36498	34527	30378	28051	24029	21718	17936	14745	11576	9576	1939	5186	
set #12	98785	94910	92094	87972	85958	82847	80224	75269	71305	67342	65668	62453	59564	55413	53488	49313	46586	42673	40326	36502	34493	30671	27916	24044	21706	17992	14732	11590	9557	1951	5217	
set #13	98345	95005	91569	88076	85946	82919	80142	75325	71089	67398	65650	62579	59442	55449	53296	49341	46563	42887	40289	36517	34436	30746	27912	24176	21659	18003	14727	11614	9403	1956	5312	
set #14	98343	95292	91506	88219	85810	83074	79940	75362	71033	67570	65642	62666	59369	55609	53039	49385	46548	42964	40164	36785	34435	30747	27809	24241	21650	18052	14719	11722	9391	2047	5383	
set #15	98320	95573	91243	88451	85747	83161	79874	75585	70897	67760	65635	62757	59354	55718	53033	49516	46544	43409	39959	36826	34204	30776	27794	24261	21603	18151	14678	11802	9369	2396	5419	
set #16	98041	95626	91195	88532	85718	83429	79802	75963	70871	67778	65621	62875	59327	55904	52888	49565	46505	43431	39897	36859	34065	30847	27394	24320	21451	18270	14623	11906	9341	2518	5467	
set #17	97780	95646	91120	88532	85686	83449	79589	75987	70695	67784	65573	63007	59139	56208	52809	49596	46278	43535	39872	36884	34050	30884	27368	24381	21326	18499	14324	11934	9196	2620	5497	
set #18	97727	95858	91083	88667	85681	83535	79466	76265	70683	67861	65572	63034	59130	56370	52785	49736	46262	43594	39828	36976	33903	30947	27284	24609	21235	18520	14218	12000	8896	2625	5531	
set #19	97693	96055	91072	88867	85618	83614	79436	76471	70544	67869	65516	63057	59101	56395	52740	50073	46116	43885	39642	37339	33768	31022	27273	24665	21229	18676	14124	12064	8792	2667	5635	
set #20	97651	96120	90880	88869	85591	83691	79422	76492	70394	67954	65480	63198	59047	56520	52720	50096	46083	43959	39498	37376	33747	31070	27197	24692	21222	18805	14064	12148	8786	2676	5668	
set #21	97577	96223	90861	88981	85276	83909	79355	76651	70354	67966	65377	63319	59041	56655	52697	50142	46004	44209	39464	37386	33495	31365	27094	24724	21196	18813	13967	12572	8628	2693	5801	
set #22	97524	96435	90645	89003	85217	84246	79196	76809	70196	68035	65346	63422	58873	56710	52646	50460	45943	44260	39431	37486	33472	31524	27057	24729	21075	18922	13839	12602	8559	2955	5889	
set #23	97513	96486	90551	89018	85213	84293	78872	76842	70032	68310	65272	63521	58802	56767	52370	50573	45820	44309	39329	37671	33402	31597	27040	25153	20976	19025	13786	12691	8530	3265	5999	
set #24	97479	96631	90531	89035	85197	84335	78714	76881	69913	68344	64918	63573	58689	56769	52319	50799	45708	44411	39278	37681	33231	31709	27040	25255	20915	19228	13759	12748	8502	3365	6052	
set #25	97347	96648	90530	89158	85067	84345	78609	76992	69779	68407	64912	63786	58436	56902	52235	50825	45622	44533	39210	37706	33195	31713	27035	25450	20889	19332	13711	12753	8322	3507	6110	
set #26	97329	96683	90412	89203	84940	84388	78449	77081	69742	68542	64796	63931	58415	57308	52100	50916	45575	44786	39210	37709	32958	32092	27008	25539	20785	19554	13667	12763	7953	3525	6169	
set #27	97308	96713	90397	89217	84839	84400	78370	77093	69737	68663	64615	64006	58041	57492	52079	50921	45514	44929	38986	38035	32951	32194	26385	25609	20739	19749	13635	12833	7869	3616	6231	
set #28	97143	96751	90332	89484	84819	84400	78361	77299	69655	68671	64538	64069	57996	57660	51786	50972	45510	45057	38973	38418	32914	32401	26235	25651	20607	19773	13218	12989	7799	3630	6316	
set #29	97131	96835	90175	89786	84750	84632	78127	77722	69319	68749	64538	64070	57962	57666	51782	51082	45502	45090	38710	38450	32846	32417	26035	25775	20510	19857	13189	13014	7783	294	3691	6334	
set #30	97049	96843	90101	89795	84726	84633	78104	77859	69236	68818	64390	64122	57929	57773	51737	51214	45330	45119	38580	38477	32813	32592	25943	25882	20494	19882	13178	13019	7524	7334	336	3704	6579	
set #31	96983	96845	89971	89948	84723	84685	77903	77874	68982	68861	64358	64243	57837	57814	51358	51219	45285	45153	38547	38542	32796	32672	25895	25883	20304	20174	13130	13128	7483	7464	339	3725	6613	
